103.00 102.00
103.00 99.00
104.00 96.00
105.00 95.00
106.00 93.00
107.00 91.00
108.00 90.00
110.00 88.00
111.00 88.00
113.00 86.00
114.00 86.00
116.00 86.00
118.00 85.00
119.00 85.00
121.00 85.00
123.00 85.00
126.00 85.00
133.00 85.00
135.00 85.00
136.00 86.00
138.00 87.00
139.00 88.00
141.00 89.00
142.00 91.00
143.00 92.00
144.00 93.00
146.00 94.00
146.00 96.00
148.00 97.00
148.00 99.00
149.00 100.00
150.00 102.00
150.00 104.00
150.00 107.00
151.00 109.00
151.00 110.00
151.00 116.00
150.00 118.00
149.00 119.00
147.00 121.00
147.00 122.00
145.00 123.00
144.00 124.00
142.00 125.00
140.00 126.00
139.00 127.00
137.00 128.00
135.00 129.00
133.00 130.00
125.00 130.00
123.00 129.00
122.00 128.00
120.00 126.00
119.00 125.00
117.00 124.00
116.00 123.00
114.00 122.00
113.00 121.00
112.00 119.00
110.00 117.00
109.00 116.00
108.00 115.00
107.00 113.00
106.00 111.00
105.00 110.00
104.00 108.00
104.00 107.00
103.00 105.00
103.00 104.00
103.00 102.00
